
  1.   1.   1.   1.   1.   1.
 ‘ƒŠ 820/175-80 “•‹4   
 .50  .75 1.00 1.15 1.25 1.30 1.35 1.40
 200. 3000.  100.  200. 3000.  100.  142. 6000.  100.
55100. 54000.  10500. 50.00  80. .98 35.
8200.0  7720.0 1780.0 33.0 7.0 .5 528.0  11.0  19.6 117.1 108.3
18.0 18.0 3413. 1.1  1.1
0.  2.  2. 6.  1.  2.0  6.3  2.33 6.6 36. 12.24  .0  .0  .0  .0  .0  .0
916.0  1.   2.5  0. 1.0
8.0 1.5 1.0  220.0 235.0 30.0 1730.0  45.0 95.0  1.  0. 0.  0.  0.  0.
169.  165. 1730. 0.  90. 1399.2
15.   3.0   8. 41.0  .0  0.0  2.0  8.0 .0 .0 .0 .0  4230.  .0
3.0  2.0 16.0 16.0 45.0 45.0  0. 4.0 4.0 4.  1.  1.  1.  20.0   25. 
 .0  .0  .0  .0  .0 
 .0  .0  .0  .0  .0  .0  .0  .0  .0  .0  .0  .0  .0  .0  .0
 .0  .0  .0  .0  .0  .0  .0  .0  .0  .0  .0  .0  .0  .0  .0

