#NSGA2
popsize 20
maxGen 5
numVar 3
numObj 2
numCons 0
stateFieldNames	currentGen	evaluateCount	totalTime	firstFrontCount	frontCount	avgEvalTime	
#end


#Generation 1 / 5
currentGen	1
evaluateCount	20
totalTime	1.74113
firstFrontCount	5
frontCount	6
avgEvalTime	0.082274
#end
Var1	Var2	Var3	Obj1	Obj2	
6706	6108	1693	0.0101645	52.834	
6708	6103	1692	0.0101645	53.4827	
6696	6101	1709	0.0101633	53.0777	
6709	6093	1709	0.0101627	55.2323	
6709	6100	1706	0.0101631	54.4355	
6693	6098	1708	0.0101635	53.0104	
6706	6109	1703	0.0101636	53.1304	
6691	6107	1709	0.0101636	51.9664	
6704	6105	1705	0.0101634	53.383	
6698	6103	1693	0.0101648	52.4723	
6704	6091	1696	0.0101641	54.3695	
6691	6092	1706	0.0101636	53.2992	
6704	6096	1709	0.0101629	54.4108	
6691	6099	1698	0.0101645	52.3142	
6705	6106	1694	0.0101644	52.9597	
6700	6099	1703	0.0101637	53.4591	
6704	6105	1696	0.0101643	53.0289	
6704	6103	1693	0.0101645	53.1022	
6692	6100	1709	0.0101634	52.7499	
6697	6102	1694	0.0101647	52.502	



#Generation 2 / 5
currentGen	2
evaluateCount	40
totalTime	5.55937
firstFrontCount	10
frontCount	3
avgEvalTime	0.057027
#end
Var1	Var2	Var3	Obj1	Obj2	
6696	6101	1709	0.0101633	53.0777	
6709	6093	1709	0.0101627	55.2323	
6704	6096	1709	0.0101629	54.4108	
6692	6100	1709	0.0101634	52.7499	
6692	6101	1709	0.0101635	52.6532	
6695	6100	1710	0.0101632	53.1072	
6690	6100	1709	0.0101635	52.5377	
6704	6096	1710	0.0101628	54.4508	
6690	6107	1710	0.0101636	51.8985	
6700	6102	1710	0.0101631	53.4449	
6709	6100	1706	0.0101631	54.4355	
6693	6098	1708	0.0101635	53.0104	
6691	6107	1709	0.0101636	51.9664	
6698	6102	1709	0.0101633	53.1933	
6710	6100	1706	0.010163	54.5416	
6709	6093	1707	0.0101629	55.1511	
6693	6107	1704	0.010164	51.9869	
6700	6098	1707	0.0101633	53.7135	
6697	6106	1706	0.0101636	52.5838	
6704	6105	1705	0.0101634	53.383	



#Generation 3 / 5
currentGen	3
evaluateCount	60
totalTime	6.68639
firstFrontCount	13
frontCount	2
avgEvalTime	0.0492806
#end
Var1	Var2	Var3	Obj1	Obj2	
6696	6101	1709	0.0101633	53.0777	
6709	6093	1709	0.0101627	55.2323	
6695	6100	1710	0.0101632	53.1072	
6704	6096	1710	0.0101628	54.4508	
6690	6107	1710	0.0101636	51.8985	
6701	6104	1710	0.0101631	53.3575	
6708	6100	1710	0.0101628	54.4894	
6692	6103	1710	0.0101634	52.4982	
6699	6102	1709	0.0101632	53.2994	
6691	6102	1710	0.0101634	52.4889	
6690	6101	1709	0.0101635	52.441	
6707	6102	1708	0.010163	54.1098	
6706	6100	1709	0.0101629	54.2367	
6708	6091	1709	0.0101627	55.3191	
6691	6107	1709	0.0101636	51.9664	
6700	6102	1710	0.0101631	53.4449	
6704	6097	1709	0.0101629	54.3142	
6692	6100	1709	0.0101634	52.7499	
6690	6100	1709	0.0101635	52.5377	
6698	6102	1709	0.0101633	53.1933	



#Generation 4 / 5
currentGen	4
evaluateCount	80
totalTime	7.82739
firstFrontCount	13
frontCount	2
avgEvalTime	0.0493791
#end
Var1	Var2	Var3	Obj1	Obj2	
6709	6093	1709	0.0101627	55.2323	
6704	6096	1710	0.0101628	54.4508	
6690	6107	1710	0.0101636	51.8985	
6701	6104	1710	0.0101631	53.3575	
6708	6100	1710	0.0101628	54.4894	
6692	6103	1710	0.0101634	52.4982	
6691	6102	1710	0.0101634	52.4889	
6702	6104	1710	0.010163	53.4639	
6707	6100	1709	0.0101629	54.343	
6707	6107	1710	0.0101629	53.7051	
6700	6107	1710	0.0101632	52.9606	
6690	6103	1710	0.0101635	52.2859	
6691	6103	1710	0.0101635	52.3921	
6691	6107	1709	0.0101636	51.9664	
6708	6091	1709	0.0101627	55.3191	
6706	6100	1709	0.0101629	54.2367	
6690	6100	1710	0.0101634	52.5763	
6696	6101	1709	0.0101633	53.0777	
6700	6102	1710	0.0101631	53.4449	
6704	6103	1709	0.010163	53.7339	



#Generation 5 / 5
currentGen	5
evaluateCount	100
totalTime	8.91746
firstFrontCount	20
frontCount	1
avgEvalTime	0.0489148
#end
Var1	Var2	Var3	Obj1	Obj2	
6690	6107	1710	0.0101636	51.8985	
6709	6093	1709	0.0101627	55.2323	
6700	6108	1710	0.0101632	52.8637	
6692	6103	1710	0.0101634	52.4982	
6708	6100	1710	0.0101628	54.4894	
6707	6107	1710	0.0101629	53.7051	
6700	6104	1710	0.0101631	53.2512	
6703	6104	1710	0.010163	53.5702	
6700	6107	1710	0.0101632	52.9606	
6691	6106	1710	0.0101635	52.1015	
6691	6103	1710	0.0101635	52.3921	
6693	6108	1710	0.0101635	52.12	
6705	6102	1710	0.0101629	53.9766	
6701	6104	1710	0.0101631	53.3575	
6702	6104	1710	0.010163	53.4639	
6708	6103	1709	0.0101629	54.1592	
6707	6100	1709	0.0101629	54.343	
6704	6096	1710	0.0101628	54.4508	
6703	6095	1710	0.0101629	54.4412	
6691	6102	1710	0.0101634	52.4889	



