  1.   1.   1.   1.  1.   1.
 ‘‚ 965/160-56          

 .50  .75 1.00 1.15 1.25 1.30 1.35 1.40
 200. 3000.  100.  200. 3000.  100.  142. 6000.  100.
94100. 80000. 13800. 50.  56. .85  35.
9650.  9000. 1600. 29.  7. .5  456.  12.0  24.0 146.4 137.6
18.0 18.0 2700. 1.1 1.1
 0. 2.  2. 7. 1. 2.24 8.0  2.57 8.3 42. 17.56 .0  .0  .0  .0 .0 .0
1240. 1.  3.0  0.952  1.000
14.  1.5   1.5  365.  365.   50.  1550.   55. 110.  1. 0.  8.  4.  0.  2.
280.  235.  1550. 0.  600.  1000000.
21.  2.0  9.0  62.  0.0  0.0  2.0  8.0  0.  0.0  0.0 0.0 4216.0  .0
4.  2. 20.  20.   61.  61.  0.  6.0  6.  4.0  1.  1.  1.  18. 45.
 0.  0. 0.   0.   0.
 .0  .0  .0  .0  .0  .0  .0  .0  .0  .0  .0  .0  .0  .0  .0
 .0  .0  .0  .0  .0  .0  .0  .0  .0  .0  .0  .0  .0  .0  .0



