  1.   1.   1.   1.   1.   1.
 ‘‚ 435/190-10                     
 .50  .75 1.00 1.15 1.25 1.30 1.35 1.40
 200. 3000.  100.  200. 3000.  100.  142. 6000.  100.
10800. 8640. 10500. 50.0   20. .80  40.
3950.  3300. 600. 11. 7. .5  228.0  9.0  18.9  129.3  120.5
18.0 18.0 2700. 1.1  1.1
1.  8.  2.  10. 3.  2.0 5.3  2.28 5.58 10. 10.24  .0  .0  .0  .0 .0 .0
1085. 1.  3.0 0.  1.000                       
12. 1.5   2.0  370.  370.  55.   550.   60. 120.  1. 0. 0. 0.  0.  0.
250.  230.  550. 0.0  600.  900000.
36   3.0   5.   52.  0.  0.0  2.0  8.0  0.0  0.0  0.0 0.0  2136.0  0.0
6.  2. 14.  14.   45.5  45.5  0.  10.  10.  3.  1.  1.  1.  10.5  50. 
 0.  0. 0.   0.  0.
 .0  .0  .0  .0  .0  .0  .0  .0  .0  .0  .0  .0  .0  .0  .0
 .0  .0  .0  .0  .0  .0  .0  .0  .0  .0  .0  .0  .0  .0  .0

      
