	
  1.   1.   1.   1.   1.   1.
 ‘‚ 670/170-44               
 .50  .75 1.00 1.15 1.25 1.30 1.35 1.40
 200. 3000.  100.  200. 3000.  100.  142. 6000.  100.
34000. 30600.  10500. 50.0   44. .9  40.
 6700.  6100.  1700. 29. 12. .5  300.0  10.0  24.0 98.0  90.7
18.0  18.0 2700. 1.3 0.8
 1.  1.5  1. 6.  1.  4.2  7.0  4.53 7.0 30. 28.52  .00  .00  .00  .00  .00  .0
 0. 1.  2.5  0.  1.0                      
14. 1.5   1.5  285. 295.  55.  1650.0  45. 90.  1. 0. 0. 0.  0.  0.
190.  255.   1650. 0.  600.  900000.
33.   3.0   6.0   47.  0.   .0  2.  8.0  .0  .0  .0 .0  0.0  0.0
4. 2.  16. 16. 50. 50. 0.  8.  8.  3.  1.  1.  1.  10.  50. 
 0.  0. 0.  0.  0.
 .0  .0  .0  .0  .0  .0  .0  .0  .0  .0  .0  .0  .0  .0  .0
 .0  .0  .0  .0  .0  .0  .0  .0  .0  .0  .0  .0  .0  .0  .0

      
