  1.   1.   1.   1.   1.   1.
 ‘‚”  1285/275-42                     
 .50  .75 1.00 1.15 1.25 1.30 1.35 1.40
 200. 3000.  100.  200. 3000.  100.  142. 6000.  100.
711000. 640000. 15750. 50.0   42. .90  35.
12850.  11850. 2750. 43. 7. .5 504.0 8.0  29.7  195.  179.
30.0 18.0 2700. 1.1  1.1
0. 2. 6. 10. 1. 2.5 8.0 2.83 8.3 20. 19.45  5.0 5.33  2.0  5.0 14.0 28.76
1895.  1.  5.25  0.  1.000                       
30.  1.5   1.5  620.  650.  75.   2540.   85. 160.  0. 0. 0. 0.  0.  0.
490.  255. 2540. 12385.  765.  900000.
20.   3.0  0.  100. .0  .0  0.  .0  0.0  0.0  0.0 855.0  7030.  0.0
8.0  2.  30.  30.   59.  59. 2906.  8.0  10.0  5.  1.  1.  1.  40.  70.
  1200.  3250. 970.   70.   163.7
 116. 120. 124. 126. 131. 138. 144.  151. 156. 160. 172. 186. 200.  208.  215.
 112. 116. 118. 120. 125. 132. 137.  143. 148. 151. 160. 168. 180.  186.  193.

      
